Output = 
    V(m/s)    rpm    Dbeta      T(N)         Q(N-m)      Pshaft(W)     Volts     Amps     effmot     effprop       adv            CT            CP        DV(m/s)      eff       Pelec       Pprop      cl_avg    cd_avg 
    ______    ___    _____    _________    __________    __________    _____    ______    _______    _______    __________    __________    __________    _______    _______    ________    ________    ______    _______

       1      500      0        0.01803     -0.005293       -0.2771    2.452    1.4836    -0.0762    -0.0651       0.06836     0.0005609    -0.0005893     0.0583      0.005       3.638     0.01803     0.549     0.1059
       3      500      0       0.009374     -0.002323       -0.1216    2.455    1.5489     -0.032    -0.2312       0.20507     0.0002916    -0.0002586     0.0104     0.0074       3.803     0.02812    0.5381     0.1252
       5      500      0       0.003479    -0.0007705      -0.04034    2.457    1.5831    -0.0104    -0.4312       0.34178     0.0001082    -8.578e-05     0.0023     0.0045       3.889      0.0174     0.529      0.155
       7      500      0      0.0002853    -0.0001462     -0.007655    2.458    1.5968     -0.002    -0.2609       0.47849     8.875e-06    -1.628e-05     0.0001     0.0005       3.924    0.001997     0.326     0.1908
       9      500      0      -0.002136    -2.059e-07    -1.078e-05    2.458       1.6        NaN     0.6152    -6.645e-05    -2.292e-08       -0.0008    -0.0049      3.932    -0.01923      0.1619    0.1295        NaN
      11      500      0      -0.005611     6.865e-05      0.003595    2.458    1.6015     0.0009     -17.17       0.75191    -0.0001745     7.643e-06    -0.0017    -0.0157       3.936    -0.06172     0.157      0.106
      13      500      0       -0.01088     0.0002227       0.01166    2.458    1.6049      0.003    -12.132       0.88862    -0.0003385      2.48e-05    -0.0028    -0.0359       3.945     -0.1415    0.1542    0.09113
      15      500      0       -0.01792     0.0004629       0.02424    2.458    1.6102     0.0061    -11.089        1.0253    -0.0005573     5.154e-05     -0.004    -0.0679       3.958     -0.2688    0.1517    0.08067
      17      500      0        -0.0267     0.0007845       0.04108    2.459    1.6173     0.0103    -11.049        1.1621    -0.0008305     8.734e-05    -0.0052    -0.1141       3.976     -0.4539    0.1495    0.07298
      19      500      0       -0.03722      0.001185       0.06207    2.459    1.6261     0.0155    -11.393        1.2988     -0.001158      0.000132    -0.0065    -0.1769       3.999     -0.7071    0.1476    0.06705
      21      500      0       -0.04947      0.001665       0.08717     2.46    1.6366     0.0217    -11.918        1.4355     -0.001539     0.0001854    -0.0078    -0.2581       4.025      -1.039    0.1459    0.06233
      23      500      0       -0.06347      0.002224        0.1164     2.46    1.6489     0.0287    -12.538        1.5722     -0.001974     0.0002476    -0.0092    -0.3599       4.056       -1.46    0.1445    0.05846
      25      500      0       -0.07919      0.002862        0.1499    2.461    1.6629     0.0366     -13.21        1.7089     -0.002463     0.0003187    -0.0105    -0.4838       4.092       -1.98    0.1432    0.05521
      27      500      0       -0.09665      0.003582        0.1876    2.462    1.6788     0.0454    -13.912        1.8456     -0.003006     0.0003988    -0.0119    -0.6315       4.132       -2.61    0.1421    0.05245
      29      500      0        -0.1158      0.004385        0.2296    2.462    1.6964      0.055    -14.631        1.9823     -0.003603     0.0004882    -0.0133    -0.8042       4.177      -3.359    0.1411    0.05005
      31      500      0        -0.1368      0.005272         0.276    2.463    1.7159     0.0653    -15.358         2.119     -0.004254     0.0005869    -0.0147     -1.003       4.227       -4.24    0.1403    0.04795



prop = struct with fields:
       MOI: 0.0239
         D: 1.8333
    Thrust: [23×59 double]
    Torque: [23×59 double]
       vel: [3.2800 9.8400 16.4000 22.9600 29.5200 36.0800 42.6400 49.2000 55.7600 62.3200 68.8800 75.4400 82 88.5600 95.1200 101.6800 108.2400 114.8000 121.3600 127.9200 134.4800 141.0400 147.6000]
       RPM: [500 750 1000 1250 1500 1750 2000 2250 2500 2750 3000 3250 3500 3750 4000 4250 4500 4750 5000 5250 5500 5750 6000 6250 6500 6750 7000 7250 7500 7750 8000 8250 8500 8750 9000 9250 9500 9750 10000 10250 10500 10750 11000 11250 … ] (1×59 double)

Error using readtable (line 517)
Unable to find or open '2408 Airfoil Data.txt'. Check the path and filename or file permissions.